N_t=10
N_s=10
delta=0.25
beta=2.3
N_hit=10
N_cf=50
N_cor=0
N_ini=0

Programm nach 28.721 Sekunden beendet.


23540.2
36823.9
44740.2
52114.3
57275.2
61690.2
67009
72627
78189.5
83965.4
89427.1
93593.2
96812.8
99038.2
100422
101193
101625
101756
101946
102609
102541
102443
102367
102043
101844
102255
102274
102410
102047
102295
102011
101807
101763
101824
102002
102297
102161
102390
102008
101929
102126
101872
101894
101910
102063
101991
102196
101804
102140
102151