L_av_abs = 0.174845 +/- 0.00229466
L^2_av = 0.0358338 +/- 0.000754498
Chi = 10.7788 +/- 2.25572

number L_av
1 -0.209804
2 -0.141694
3 -0.158003
4 -0.150658
5 -0.178192
6 -0.206568
7 -0.187308
8 -0.255709
9 -0.0760312
10 -0.222375
11 0.155627
12 0.0487234
13 -0.185511
14 -0.0562905
15 -0.148969
16 -0.164006
17 -0.128097
18 -0.138593
19 0.208254
20 -0.250126
21 -0.250272
22 -0.100957
23 -0.287594
24 -0.0229144
25 0.155942
26 -0.20671
27 0.139394
28 0.110868
29 0.156366
30 0.173019
31 0.202673
32 0.228526
33 0.152247
34 0.154032
35 0.193454
36 0.0208445
37 -0.00635096
38 0.237227
39 0.230623
40 0.255148
41 0.194998
42 0.29702
43 0.0881156
44 -0.0710078
45 -0.143889
46 -0.245419
47 -0.150719
48 0.18114
49 -0.169793
50 0.172364
51 0.195407
52 0.19138
53 0.159695
54 0.120224
55 0.102489
56 0.153686
57 -0.00108868
58 -0.173377
59 -0.17341
60 -0.0866994
61 -0.135232
62 -0.170542
63 0.212576
64 0.173012
65 0.179685
66 0.201498
67 0.0343771
68 0.224917
69 0.238074
70 0.284909
71 0.188045
72 0.134565
73 0.26589
74 0.220005
75 0.220731
76 -0.0228033
77 -0.214466
78 -0.176407
79 -0.301523
80 -0.157604
81 -0.217735
82 -0.21606
83 -0.242904
84 0.11933
85 0.0164721
86 -0.188302
87 0.234521
88 0.205541
89 0.294515
90 0.224583
91 0.0953895
92 0.204567
93 0.0282994
94 0.0457277
95 0.262609
96 0.156774
97 0.249537
98 0.146795
99 0.155333
100 0.271263
101 0.216048
102 0.239062
103 0.0595885
104 0.18747
105 0.215218
106 0.147234
107 0.232098
108 -0.218602
109 0.229788
110 -0.19558
111 -0.245991
112 -0.162924
113 -0.124652
114 -0.210157
115 -0.261546
116 -0.222019
117 -0.186993
118 -0.0629829
119 -0.241501
120 -0.217352
121 -0.229534
122 0.0768134
123 -0.0393778
124 0.302462
125 0.186617
126 0.0695199
127 0.110527
128 0.291684
129 0.236109
130 0.190668
131 0.0475492
132 0.0336057
133 -0.157716
134 0.00921628
135 -0.190784
136 -0.335918
137 -0.164277
138 -0.258044
139 -0.248591
140 -0.230723
141 0.062916
142 -0.210607
143 -0.193451
144 0.193605
145 0.151631
146 0.299472
147 0.170517
148 0.0258651
149 0.170546
150 -0.270523
151 -0.21716
152 0.253319
153 0.228363
154 0.095605
155 0.178673
156 -0.174357
157 -0.21888
158 -0.204988
159 -0.0344708
160 0.086319
161 -0.251687
162 -0.2587
163 -0.303883
164 -0.269957
165 -0.194378
166 -0.252505
167 -0.222622
168 -0.233434
169 -0.0421018
170 0.177803
171 0.193218
172 0.150824
173 0.195097
174 0.0645055
175 0.238043
176 -0.272442
177 -0.235204
178 -0.0702022
179 -0.147189
180 -0.221602
181 0.0458436
182 -0.220876
183 -0.205343
184 -0.0993454
185 0.114188
186 0.22029
187 0.27284
188 0.158957
189 -0.0322195
190 0.0397902
191 -0.134634
192 0.189817
193 0.181818
194 0.261867
195 0.145916
196 -0.217161
197 0.00416116
198 -0.0780401
199 -0.221572
200 -0.0853678
201 0.176168
202 0.0249874
203 -0.213359
204 0.0963835
205 -0.171976
206 -0.169316
207 -0.217127
208 -0.25158
209 -0.192777
210 -0.253036
211 -0.295572
212 -0.0818126
213 -0.155167
214 -0.200386
215 0.159842
216 0.0635496
217 -0.172987
218 -0.0988643
219 -0.106582
220 0.151432
221 0.16574
222 0.0471756
223 0.0919301
224 -0.264779
225 0.199868
226 0.12726
227 -0.29687
228 0.0604063
229 0.110888
230 -0.23856
231 -0.269499
232 0.0189602
233 0.176957
234 0.263981
235 0.0993906
236 0.267181
237 0.0584258
238 0.144772
239 0.175497
240 0.186418
241 0.259632
242 0.0513246
243 0.26342
244 0.269351
245 0.0263999
246 0.171632
247 0.234997
248 0.172704
249 0.0581307
250 0.220133
251 0.184488
252 0.195291
253 0.151407
254 0.206253
255 0.2037
256 0.2067
257 0.24401
258 0.106388
259 0.269155
260 0.160409
261 0.0305526
262 -0.200508
263 0.24318
264 -0.27871
265 0.181044
266 0.246005
267 0.273665
268 0.258084
269 0.270551
270 0.116871
271 0.140596
272 0.121805
273 0.181612
274 0.273233
275 0.21994
276 0.162674
277 0.262519
278 0.208894
279 0.188211
280 0.198466
281 0.227126
282 0.0729436
283 -0.072715
284 0.0914555
285 0.171983
286 0.250446
287 0.288135
288 0.116462
289 0.297028
290 0.172791
291 -0.219554
292 -0.11308
293 -0.210712
294 -0.208748
295 0.118592
296 -0.309479
297 -0.0886017
298 -0.117233
299 0.0653211
300 -0.0795369
301 -0.12354
302 -0.227688
303 -0.122816
304 -0.15779
305 -0.22694
306 -0.202293
307 -0.0448214
308 0.200268
309 0.23485
310 -0.263562
311 -0.206533
312 0.292352
313 0.133511
314 0.210643
315 -0.265229
316 -0.112098
317 -0.0615381
318 -0.104764
319 -0.0649213
320 -0.104677
321 -0.258344
322 -0.155989
323 -0.2088
324 -0.104831
325 -0.25859
326 -0.191742
327 0.228212
328 0.254944
329 0.159845
330 0.203223
331 0.255876
332 0.196586
333 0.0846636
334 0.256652
335 0.0275065
336 0.202953
337 0.185474
338 0.144916
339 -0.117544
340 0.167267
341 -0.0556301
342 0.0985367
343 0.0266858
344 0.207062
345 0.102401
346 -0.14589
347 -0.228377
348 -0.137966
349 -0.151297
350 -0.223988
351 0.184895
352 0.142796
353 0.272886
354 -0.193963
355 -0.173766
356 -0.136646
357 -0.142649
358 0.220938
359 -0.0873064
360 -0.189634
361 0.154015
362 -0.254382
363 -0.294409
364 -0.0135986
365 0.0135788
366 0.083583
367 0.111437
368 0.209257
369 0.250743
370 0.150303
371 0.199037
372 0.230049
373 0.154973
374 -0.239145
375 -0.157302
376 0.152987
377 0.189918
378 0.105698
379 0.0404818
380 0.218151
381 0.139404
382 -0.02506
383 0.214254
384 -0.238753
385 -0.125594
386 -0.220849
387 -0.245247
388 -0.152629
389 -0.165572
390 0.267199
391 0.162694
392 0.0514488
393 0.0540461
394 0.120178
395 0.20166
396 -0.158751
397 0.143379
398 0.0404636
399 0.15196
400 0.222181
401 0.211112
402 0.25854
403 -0.0935068
404 -0.202573
405 -0.267722
406 -0.0924018
407 -0.246993
408 -0.244091
409 -0.285576
410 -0.231222
411 0.178401
412 0.237685
413 0.122601
414 0.177277
415 -0.154699
416 0.0805585
417 -0.123071
418 -0.198586
419 -0.231894
420 -0.294969
421 -0.210743
422 -0.148768
423 -0.222643
424 -0.0836193
425 0.114514
426 -0.10437
427 -0.203175
428 -0.212184
429 -0.19086
430 -0.243537
431 -0.0661609
432 -0.178097
433 -0.23777
434 -0.224759
435 -0.0462218
436 0.0101779
437 0.267703
438 -0.099481
439 -0.172617
440 -0.211589
441 0.240271
442 0.128169
443 0.301549
444 0.198346
445 -0.0300693
446 -0.247213
447 -0.163542
448 -0.190978
449 -0.100035
450 -0.100022
451 0.160484
452 0.209977
453 0.289051
454 0.141012
455 0.201146
456 -0.30681
457 -0.217099
458 0.119947
459 0.252563
460 0.207113
461 0.188169
462 0.258911
463 0.173216
464 -0.0609954
465 -0.239896
466 0.0385266
467 0.117823
468 0.202948
469 0.250766
470 0.212573
471 0.259275
472 0.191288
473 -0.0231313
474 -0.162031
475 0.115021
476 0.103263
477 -0.106539
478 -0.121927
479 -0.226989
480 -0.0819162
481 -0.211526
482 -0.22157
483 -0.292903
484 -0.278777
485 0.0544657
486 0.247363
487 0.243577
488 0.279302
489 0.23218
490 0.0844888
491 0.195233
492 -0.146381
493 -0.281696
494 -0.201811
495 0.147051
496 0.20787
497 0.286085
498 0.0649664
499 0.0973533
500 0.0633815
501 0.253466
502 -0.0675612
503 0.172065
504 0.210507
505 0.022714
506 0.0917531
507 -0.159827
508 -0.285811
509 -0.141693
510 -0.223289
511 -0.173124
512 -0.128184
513 -0.191998
514 -0.130278
515 -0.105816
516 0.197762
517 -0.186544
518 0.0645
519 0.176854
520 0.188819
521 0.266017
522 0.207378
523 0.245099
524 -0.045176
525 -0.167221
526 -0.193348
527 -0.191022
528 -0.244366
529 -0.294973
530 -0.179104
531 0.238122
532 0.206002
533 0.131752
534 0.270079
535 -0.0831646
536 -0.201212
537 0.197648
538 -0.0686686
539 -0.205939
540 -0.119594
541 0.258177
542 0.241516
543 0.300505
544 0.175588
545 0.0647694
546 -0.197803
547 0.173802
548 0.259648
549 0.227189
550 -0.287845
551 -0.241832
552 0.174391
553 -0.0287305
554 -0.205347
555 -0.0448078
556 -0.281345
557 -0.190575
558 -0.182207
559 -0.156848
560 -0.0541497
561 -0.0634947
562 -0.230959
563 -0.245237
564 -0.222305
565 -0.125775
566 0.214797
567 0.162705
568 0.182591
569 0.11076
570 0.213974
571 0.203227
572 0.237662
573 0.0693878
574 -0.132622
575 0.197098
576 0.305858
577 0.0932457
578 0.199893
579 -0.209613
580 0.164778
581 0.243148
582 0.0398293
583 -0.0391747
584 -0.150998
585 0.147425
586 0.15466
587 0.114212
588 0.0511483
589 0.177822
590 0.159887
591 -0.17787
592 -0.116096
593 0.219714
594 0.251626
595 0.178567
596 0.21674
597 0.228177
598 0.177326
599 0.303986
600 0.230608
601 0.195506
602 0.178398
603 0.211946
604 0.212099
605 0.224305
606 0.279253
607 0.196857
608 0.243252
609 0.130526
610 0.107333
611 0.279966
612 0.251008
613 0.152733
614 0.267742
615 0.154094
616 0.177595
617 0.131494
618 0.170346
619 0.160693
620 0.211737
621 0.043021
622 0.214965
623 0.160712
624 -0.0575799
625 0.10399
626 0.137811
627 -0.215555
628 0.0311693
629 -0.188695
630 -0.251403
631 -0.192753
632 -0.197111
633 -0.114547
634 -0.171141
635 -0.281779
636 -0.212497
637 -0.241267
638 0.131337
639 0.195633
640 0.200852
641 0.0777527
642 0.214364
643 -0.177265
644 -0.122931
645 -0.239055
646 -0.228662
647 -0.11752
648 -0.0841804
649 0.199807
650 0.0953423
651 0.158391
652 -0.121421
653 -0.196012
654 -0.222474
655 0.253881
656 -0.157021
657 -0.193504
658 -0.125944
659 -0.0175709
660 -0.105425
661 -0.025198
662 0.27118
663 0.129553
664 0.171571
665 0.0725886
666 0.0650392
667 -0.0856983
668 0.158094
669 0.276984
670 0.114552
671 0.181634
672 0.240827
673 0.124102
674 0.166837
675 -0.284214
676 -0.107325
677 -0.00777429
678 -0.230162
679 -0.169294
680 -0.257656
681 -0.0713121
682 -0.0584581
683 -0.185011
684 -0.232538
685 0.135822
686 0.204614
687 0.156715
688 -0.224146
689 -0.228077
690 0.222174
691 0.189641
692 0.114611
693 0.200317
694 0.24991
695 0.0854585
696 -0.128035
697 0.131844
698 0.122603
699 0.187584
700 0.232841
701 0.216115
702 -0.129721
703 -0.123075
704 -0.174569
705 -0.028805
706 -0.200478
707 0.241768
708 -0.222422
709 0.296209
710 0.246717
711 0.23262
712 0.0737777
713 0.226994
714 0.268153
715 0.204144
716 0.231407
717 0.128048
718 -0.0875184
719 -0.168347
720 -0.16572
721 -0.20793
722 -0.0249273
723 0.084289
724 0.168451
725 0.126228
726 0.199022
727 0.154218
728 0.233001
729 0.169104
730 -0.198514
731 -0.147149
732 0.121958
733 0.141183
734 0.234272
735 0.169367
736 0.0136187
737 0.215012
738 0.234606
739 0.252022
740 0.153373
741 0.27009
742 0.227803
743 0.204209
744 -0.0092536
745 0.176508
746 -0.191814
747 0.066479
748 0.025988
749 -0.243999
750 -0.244146
751 -0.219316
752 0.090382
753 -0.174353
754 -0.166419
755 -0.0887439
756 -0.231989
757 -0.226318
758 -0.134802
759 -0.237691
760 -0.198062
761 -0.0616478
762 0.261473
763 0.27939
764 0.213965
765 -0.00522684
766 0.0110906
767 0.303676
768 0.0744326
769 0.160993
770 -0.0681733
771 -0.176945
772 -0.268803
773 -0.12802
774 0.128193
775 0.284934
776 0.221589
777 0.269851
778 0.221699
779 0.126271
780 0.234719
781 0.291582
782 0.165948
783 0.209511
784 0.0159139
785 0.272903
786 0.0961567
787 0.201669
788 0.242649
789 0.0762265
790 0.226479
791 0.231322
792 -0.145746
793 -0.146459
794 -0.209864
795 -0.286791
796 -0.154894
797 -0.19325
798 0.0763101
799 0.233574
800 0.240208
801 0.207029
802 -0.117149
803 -0.240549
804 0.156729
805 0.239523
806 0.119665
807 -0.215952
808 -0.208027
809 -0.179311
810 0.136832
811 -0.213839
812 -0.192025
813 -0.178542
814 -0.280057
815 -0.172413
816 -0.0128734
817 0.212386
818 0.115198
819 0.161759
820 0.0114439
821 -0.181344
822 -0.240053
823 -0.159903
824 -0.213887
825 -0.104003
826 0.1828
827 0.10338
828 -0.133778
829 -0.23093
830 -0.212108
831 -0.199544
832 -0.129391
833 -0.214359
834 -0.270472
835 -0.286469
836 -0.0925796
837 0.202771
838 0.187855
839 0.227634
840 0.17525
841 -0.0279002
842 -0.319951
843 -0.20457
844 -0.248716
845 -0.0788824
846 -0.173657
847 -0.181219
848 -0.208206
849 -0.247875
850 -0.269917
851 -0.205245
852 -0.228219
853 -0.158156
854 -0.0471108
855 -0.254087
856 0.237629
857 0.172383
858 0.190805
859 0.00905774
860 0.164735
861 0.116708
862 0.278466
863 0.0757807
864 -0.143652
865 0.0632936
866 0.203878
867 0.071715
868 -0.120346
869 -0.258042
870 -0.257142
871 -0.170008
872 -0.16262
873 -0.282184
874 -0.123658
875 -0.197477
876 0.123978
877 0.211403
878 0.195448
879 0.226886
880 0.0911661
881 -0.240824
882 -0.135535
883 -0.193341
884 -0.239418
885 -0.202485
886 -0.0170998
887 -0.185847
888 -0.141579
889 -0.190544
890 -0.155564
891 -0.204684
892 0.241187
893 0.26097
894 0.211806
895 0.16844
896 0.216497
897 0.20843
898 0.242493
899 0.242955
900 0.25046
901 0.20793
902 0.186899
903 0.122824
904 0.237823
905 0.146251
906 0.297051
907 0.215096
908 0.0935864
909 -0.161293
910 -0.131384
911 -0.0344002
912 0.222687
913 0.302629
914 0.0771251
915 -0.0307186
916 -0.199913
917 -0.198301
918 0.107716
919 0.0364416
920 -0.230686
921 -0.192722
922 -0.303808
923 -0.164523
924 -0.159294
925 -0.108556
926 -0.105896
927 -0.214605
928 0.030587
929 0.0977841
930 -0.313523
931 -0.210047
932 -0.00683975
933 -0.0922211
934 -0.193747
935 -0.201128
936 -0.196363
937 -0.171415
938 -0.286884
939 0.238326
940 0.112823
941 0.165362
942 0.15899
943 0.173077
944 -0.266726
945 -0.172492
946 0.0160539
947 0.186737
948 0.208507
949 -0.221562
950 -0.142527
951 -0.153513
952 -0.100196
953 -0.223883
954 0.235683
955 0.125393
956 0.26075
957 0.0509609
958 0.149689
959 0.147197
960 0.250916
961 0.287262
962 0.0312193
963 0.288894
964 0.111769
965 -0.307022
966 0.177043
967 -0.303545
968 -0.15051
969 -0.129655
970 -0.231881
971 -0.257089
972 -0.226852
973 -0.251218
974 -0.201128
975 0.0520486
976 0.255546
977 0.271367
978 0.140788
979 0.304014
980 0.257024
981 -0.203683
982 -0.218707
983 -0.241341
984 -0.224063
985 -0.116883
986 0.00196598
987 -0.2
988 -0.247554
989 -0.234963
990 0.208875
991 0.219704
992 0.119093
993 0.247294
994 0.146272
995 0.263461
996 0.11264
997 0.228821
998 0.196001
999 0.165927
1000 -0.224483
